7995
7996
7997
7998
8493
7999
8478
8000
8001
8002
8496
8003
8004
8482
8483
8005
8552
8006
8503
8007
8497
8008
8009
8010
8553
8011
8012
8013
8014
8015
8016
8550
8017
8018
8019
8020
8021
8022
8555
8023
8024
8025
8026
8027
8122
8494
8123
8124
8549
15207
15590
15591
15208
15598
15209
15600
15210
15604
15211
15605
15212
15606
15213
15214
15215
15216
15217
15218
15219
15220
15221
15222
15223
15224
15225
15226
15227
15228
15229
15230
15231
15232
15649
15233
15234
15653
15235
15236
15237
15655
15238
15239
15240
15241
15242
15243
15244
15245
15246
15247
15248
15249
15250
15251
16544
15252
15253
15254
15255
15256
15257
15258
15259
15260
16562
15261
15262
